18993
26413
57423
68202
104886
18749
30056
675228
230809
18762
18574
12709
22154
237847
66489
27993
66121
54151
21991
16438
100045981
20116
19671
68043
NA
140577
12890
56462
74100
66481
107817
22384
13823
211556
619605
18417
19419
58875
84704
22294
22378
52840
11983
103742
268373
83767
675813
110323
13010
110750
19305
666904
13627
76846
56224
22129
53612
22187
13627
546015
100042427
66168
17991
14719
54709
17748
11947
NA
13131
243853
54411
71954
233204
107686
100042179
19122
67945
66096
67264
67604
331532
66152
19166
100045241
15275
66995
21357
18518
27207
11740
23956
11973
17992
100048301
67023
16432
64660
100047615
66510
16478
234733
227960
269582
228033
67281
11461
13014
22218
NA
20044
NA
67205
100046120
252974
57320
100045403
17196
100972
107392
665250
NA
54635
104001
16976
26445
67160
72355
15444
76263
68251
66259
30057
22333
226180
59001
22129
407785
19156
68046
70481
20005
66320
66082
211383
69862
68977
66087
20085
12226
17319
69186
14319
14319
56282
107328
668668
20320
69672
12050
30949
65019
26445
19058
19049
20042
13681
11957
56040
59028
66483
56031
19055
117109
27367
13682
232087
72900
22143
622339
18046
218963
104001
406217
20088
229715
67671
16536
66152
30853
624036
100045522
