70361
227298
17846
20474
70638
16526
85308
26965
28169
18605
66249
14415
64450
54351
12408
17113
100047935
NA
54195
67378
106025
58799
105559
20444
22628
12569
67443
22217
21408
57916
54401
110172
56085
66700
73674
11677
11544
18213
11674
319477
94063
NA
100047052
NA
17984
54484
12520
12616
103284
16362
100047998
17449
619605
NA
259067
16419
100048187
74315
218335
68539
15561
268656
67248
73830
104771
14791
65019
77827
66044
19982
230584
29817
14622
67680
54138
231889
59052
101490
14797
68032
66622
235300
22630
67282
23971
11867
17448
269261
24068
69077
66939
225392
69684
18645
21991
54401
17184
13559
78891
66834
109672
246710
74132
230596
230596
50868
625054
74412
99045
67863
625249
56188
20338
114641
