226744
67326
100046035
11769
16319
16497
280408
NA
100045040
NA
328644
71904
140743
15930
15461
83997
209086
18751
68552
14538
13193
246710
78779
232441
22021
24136
13871
18991
73086
22348
13048
66423
11553
12323
70575
18186
239435
271970
14697
NA
18755
242297
239336
12291
52666
241638
14706
330941
20508
268860
12348
140904
16795
74256
210719
77627
72075
19739
21333
54405
108655
226098
105833
69539
20563
16565
233552
100040919
54646
227743
12291
269999
22422
276952
22341
71687
22418
NA
140741
218194
53860
66355
207911
77286
112407
243312
74100
109857
12299
58208
231801
16517
13170
218772
19057
13476
269582
11540
15551
243725
11769
23959
NA
69168
21366
18516
18516
18117
207521
229011
66146
NA
114142
114142
68497
NA
18101
269109
18186
14697
270190
231510
96935
NA
105239
320717
12514
19045
16956
26414
171095
14205
14403
227613
234356
71795
269424
14608
271786
59052
67731
58994
12700
NA
216527
218454
29857
74521
52882
330941
23984
13488
51801
11858
13447
19280
214952
214345
76987
29863
209225
56443
NA
16539
235044
75678
NA
66849
12294
108958
231148
14786
72265
18610
171095
171095
11857
11472
15168
20810
399548
23959
53972
241263
319710
246317
22368
13611
70729
16661
235044
50918
68423
217480
269582
17380
17380
12522
14403
16323
238130
277414
67731
66725
56878
218772
235441
381126
109857
434784
242864
16716
627191
71648
16497
12810
74596
51875
83493
13193
269016
269016
109652
26570
19045
67118
13489
193796
72902
68151
17196
433323
14708
14680
13549
223626
224997
105559
14708
70369
69539
27220
60527
19092
72309
12856
23992
331524
12122
72898
108100
12564
