213027
72674
56550
11804
68020
22224
230082
18637
23885
17190
52858
192663
20352
229663
18218
13000
19185
27999
56438
74563
171508
22642
11732
224640
69527
216971
112403
NA
30785
67283
239647
75007
56420
72981
100045644
50524
66525
20405
NA
19876
15893
66513
68730
16969
102247
240121
17237
116940
234723
NA
14228
108902
232536
100737
22401
233833
68427
66114
22195
22195
268747
11461
16570
215051
14824
330171
14567
234847
NA
18082
67604
26932
72170
66537
74126
18693
59042
23996
66350
66713
83431
26905
79044
102093
53621
67273
140580
13855
76577
230648
242362
69190
108657
216164
78330
66508
13688
108687
224250
11972
17207
59004
112403
80283
17995
226252
NA
NA
21858
26456
67260
18045
77034
218461
26433
21771
16498
54130
12850
70088
68705
59008
13000
26922
67834
52397
21664
NA
243813
56194
67811
NA
NA
67287
55944
27041
14282
18771
70823
66058
19359
66875
67136
67136
77889
71919
56412
26404
72061
27398
67266
11461
13733
106073
27061
19099
77006
20441
17190
66892
72106
74198
13401
72296
14489
30949
59042
55991
71923
208638
71974
68731
76932
13872
56371
12583
66200
67923
15929
12419
101471
72068
107047
19356
12345
65105
21767
50724
170822
77980
71148
14312
59008
666676
60597
76614
432763
