239796
20901
242736
74013
235406
140546
14950
94284
69706
19341
258947
11629
57908
217353
22247
106628
74778
60321
56017
NA
216154
326620
207182
15184
227292
225875
78284
381356
19025
100177
66839
245828
53893
73225
329015
230558
20678
238799
20334
103967
58230
74670
93888
19419
67242
67605
84092
14149
NA
117149
226518
114128
77634
170755
70510
NA
93672
237928
258343
12752
NA
108097
14230
13864
235281
13207
102209
13542
209354
18519
72141
26399
12049
16332
67065
68135
243983
66878
69354
68995
NA
171580
66248
69080
11816
NA
50873
52639
68592
NA
53890
12167
54139
23917
80281
11428
14375
106200
56451
235431
12321
227731
17210
270162
78656
12015
108124
72999
18439
74342
218811
71722
58523
11305
94280
74148
98732
252972
72238
19330
26894
67254
16618
17219
12972
19286
100046080
29861
235248
56406
240028
57339
217371
11532
23821
NA
NA
54201
109658
77593
101809
226182
212980
18618
228592
217718
237300
74504
381903
12121
18029
24050
272031
100045228
216136
68401
70544
12321
228602
104174
214384
59013
76779
208659
70296
192986
210108
73804
227612
20556
233246
57753
76199
17283
109113
245688
109978
80796
75763
73873
72046
73068
72611
54128
208727
51797
17005
100609
171244
16477
252966
12345
19047
214572
231986
110326
17463
14904
111175
106759
71306
68276
224650
56443
16415
24061
100715
15460
19184
99237
50884
NA
71583
228836
14227
NA
226442
19260
75292
18102
109113
64095
236285
73827
16069
66276
16600
13046
75613
78339
19177
26451
320244
56622
15531
14705
22404
73710
66193
67767
100609
68033
545055
12819
21763
28064
13527
57869
11545
108150
100048083
108014
258483
72891
20391
67064
11737
117167
24000
68490
15526
258474
18715
68510
66795
258904
69428
30805
104771
67281
101592
14870
15512
57014
68090
27966
194388
328234
19217
20788
71772
18003
228359
68524
13047
386655
19018
67888
17083
18024
239833
15929
18018
28040
67154
100041725
11434
55960
30843
233912
54325
226646
18483
213084
66244
66514
30839
60315
330914
240638
171580
66394
170753
NA
68891
116870
22223
NA
12261
105298
56407
14376
20509
11883
218030
12209
72085
227648
76130
NA
74522
70846
12889
19277
94223
69538
NA
214531
56207
NA
258757
72085
NA
216860
78797
66914
67344
71276
11546
20892
239546
NA
16562
66894
24044
54141
215653
78926
100048372
18504
105148
100047834
74055
67374
329910
68184
235281
NA
20533
104570
50720
224829
11735
229615
19055
53598
14254
78514
11423
100045419
102339
26394
26384
66087
57443
14567
105722
28035
16440
57259
14151
58182
57370
215303
13841
11783
60596
78308
NA
170753
100043986
66237
384214
12509
72947
56505
77647
232196
55949
13805
56428
77673
207777
232370
NA
208820
105590
12123
258279
14129
16582
70510
217707
333182
67150
54473
98970
72018
216805
84004
13047
30045
76650
60440
19229
12777
545056
58244
74125
80743
69612
72685
94190
NA
73389
77031
240590
106200
15959
232413
29871
225929
NA
14263
70998
22359
100041835
104318
NA
192194
229688
15463
235050
94062
26562
99412
11302
21991
66695
16403
213012
29813
268932
23965
23857
22194
70317
69195
229905
258683
76338
11886
108083
81601
71983
56434
NA
214901
67087
68682
110417
21969
NA
NA
14658
236899
100732
54364
66743
70044
216161
19328
53620
67515
27386
19655
53881
26921
19177
14468
NA
214552
230376
76932
22428
14057
16180
15516
27979
76415
217733
15487
192190
66530
69757
276905
15493
17993
27400
67878
18451
74776
328479
106757
21410
66420
270201
70948
68634
12549
18551
69697
75687
18389
12614
NA
15381
19084
66241
NA
18645
207615
11637
18595
223601
258549
55989
26900
13983
73170
17219
17876
140500
277978
66104
27007
21958
109264
107932
22217
232164
52639
212503
70862
226778
78757
94093
NA
22157
74270
67755
16330
192950
229644
193116
17136
14376
17076
101943
140580
19383
13356
272396
68611
27029
100046891
20249
20254
19762
83766
76332
259010
78920
110197
59028
218397
207683
56421
16971
69581
13797
404323
68646
76376
243897
50927
258393
18391
16410
54351
245566
69807
19108
381633
320679
50791
12669
56430
108069
209707
81018
70231
27096
100045005
13494
83671
216197
13629
73297
233274
104252
53380
11596
17691
27395
207393
72881
328829
67245
NA
18189
227619
20638
13047
268859
22670
NA
23939
NA
227723
170459
217869
13522
545389
67602
19687
19822
230484
56190
69938
109129
244141
319748
94040
11745
60596
258302
320772
233871
14775
NA
231510
258481
78757
22063
19363
100047393
75526
232341
50780
233064
77110
53605
192656
16600
272538
18128
65106
NA
17342
67857
229759
73681
240028
11532
69312
230075
13823
20926
55984
107351
74760
232934
108148
19346
26914
15289
16880
245683
329559
67718
114143
320707
19302
100046320
NA
53883
223881
27410
15925
101476
76073
258412
109042
233863
27223
75706
57776
225888
170472
30046
52348
67771
50786
20668
66195
20981
76425
54006
72029
12933
NA
258334
277463
66664
67608
56369
100046255
14999
231670
12009
69748
320080
207592
231070
56275
74763
319749
20597
194219
68046
11666
71947
71844
68018
66932
16452
74166
100609
12448
229709
106840
26874
68106
67134
15387
545085
224023
14710
19045
65098
77116
12704
667370
100045882
56418
225913
22083
12445
210766
56786
170733
320795
16185
171180
244373
108652
74244
74309
19698
380752
218772
227331
66136
108155
228677
233904
244923
67030
224824
12462
74129
28028
74143
76901
NA
215015
59001
57344
108767
21767
NA
67916
244891
225341
19291
19878
94047
100041290
17939
22421
70248
224092
108645
22134
71254
68970
75612
210529
100047837
171463
54376
14799
106039
245492
70461
320508
16833
83997
214987
NA
76898
17083
101118
27407
271564
71752
109785
27225
18221
11837
93684
215900
84544
NA
17988
230991
20271
231452
170759
104110
NA
NA
13854
71461
258647
245007
66381
226245
52013
69106
259016
70605
26431
67230
76795
69257
74764
105440
270109
252837
74182
68468
18023
68169
227929
230085
66445
30930
17921
229542
NA
100045430
NA
NA
12532
24071
18704
60611
65106
21960
11993
18642
68294
71177
13629
21343
72323
18550
100046136
99526
20963
67538
17761
100048622
101142
105853
229589
27369
22152
NA
66552
66138
23894
13494
214572
66890
235574
60600
245376
28042
229211
74277
13401
209966
14600
18213
78798
72124
319555
18640
11539
332359
NA
53761
74012
240633
11519
22245
NA
386649
56371
17242
14873
217684
74772
69774
104001
110829
20227
19349
14049
67903
17067
100434
11832
17454
NA
15499
11981
NA
24051
56807
72425
268890
67573
218832
54650
21674
13498
12986
18350
234854
67808
100045697
67044
27381
14402
68501
68626
21429
65964
333331
20218
14563
320292
66052
17118
69137
319263
59002
214669
66067
11975
76233
329777
NA
12724
59013
NA
57814
NA
53379
18002
104871
72535
19042
213753
14184
68192
17837
79264
218035
52064
59030
NA
66163
319984
67683
76080
11810
27221
15429
171206
17762
242667
230234
99650
16404
56708
14735
70359
208043
56382
16332
11920
245403
NA
NA
30943
11972
100043671
54709
75089
26396
71998
214597
NA
73124
382985
52705
329557
399510
103098
23936
214968
67878
73754
52708
19326
269623
15464
23797
16434
27273
20623
NA
72621
19707
NA
71538
17441
237730
102657
71770
77125
20688
19822
18458
100710
140721
NA
28084
101185
319801
75599
224419
108735
67102
258649
269682
107734
27355
22342
106633
100044322
57783
330463
209456
NA
84092
22184
18390
80743
22410
66656
101543
22318
117146
140858
NA
230971
58217
170750
170750
NA
21927
98766
22433
NA
56407
NA
230709
22278
73447
54201
56491
67226
67917
26949
30932
56463
NA
NA
269585
384309
106021
22201
58916
59069
81877
NA
NA
22337
22375
102448
NA
56433
22289
77038
94093
245944
94090
22275
226122
22377
229644
57908
22661
50518
22256
380752
380752
68728
67123
22359
229595
77038
27096
56427
226757
66827
94185
NA
27643
NA
83925
79202
19824
140630
22408
94187
66177
326622
100047579
57773
217353
80985
21917
230709
66154
380916
72795
207425
268564
74383
244237
320528
22770
22245
56085
22691
22691
244713
67128
53376
56085
22110
56364
268752
53611
NA
NA
NA
380752
211978
22668
140499
242687
26919
23832
66505
NA
27973
22276
22680
NA
22286
108989
232816
22284
27096
14897
27377
56491
22215
22289
223642
73447
320683
72265
NA
80890
74374
22193
100047012
NA
59043
380912
107770
22282
217353
NA
56459
58187
242466
53330
102182
387609
NA
213541
21969
22213
360213
80385
27973
22184
107449
76524
211652
329152
NA
215999
NA
NA
NA
382105
NA
NA
320802
240880
106200
59016
319177
13629
NA
67871
99929
19009
234673
56322
67588
226414
18673
68734
12162
19352
114716
66496
NA
67921
234549
16570
14184
106840
56471
56471
64705
74610
100129
104458
214897
94040
236732
19263
12894
67180
68241
56381
110012
56176
66340
208718
217124
66932
246738
66536
23945
68875
53871
102462
19153
232087
26556
237979
67210
17999
100047443
67903
225895
18194
18194
56217
66830
60315
74034
50997
67841
268749
NA
13363
23942
23853
66549
28040
21770
71562
16924
231798
75458
114570
68671
75599
81910
224318
19141
67991
22342
215707
98710
73694
68094
242891
15976
73710
19385
73826
230775
74111
81904
319719
66366
NA
11781
26399
77446
67863
56055
239029
56494
20775
330836
NA
16847
NA
26413
209318
246782
258976
56036
23827
NA
30877
217207
57261
16825
241452
234825
22342
227746
241556
193670
19891
21812
14114
11932
60504
12497
67391
18377
73754
243819
NA
230603
20624
19704
18952
58235
27205
NA
56279
11771
57321
68618
20623
20526
106338
102857
94232
12289
109934
99586
17160
NA
66756
74334
245847
68112
66789
NA
192734
19331
NA
15463
69837
51792
108147
106529
NA
231070
12349
18359
12296
65973
80913
16431
NA
67384
66913
228608
70209
110109
11972
21426
68634
21453
140580
68097
18100
18986
14538
70231
14183
20423
20641
20751
72982
57376
58187
15473
15473
674706
99138
11957
74098
67661
67283
16672
277250
19052
NA
20931
NA
NA
232679
102098
71116
192159
11444
54446
224405
118454
52064
83564
67728
13722
NA
100045617
19127
76606
16987
17164
84004
170439
21859
240614
52014
17441
66948
29806
14302
69601
52635
NA
72927
53379
68044
64292
110323
67861
56174
100047214
75909
99650
20878
11461
97287
NA
106794
16497
224703
269252
13681
19349
26893
67182
244962
74097
101490
NA
67035
240518
215814
13358
12334
20019
18438
67894
72469
75329
21428
107650
171469
77040
16332
13194
74322
109161
107986
258350
246229
11545
29856
216739
26373
192285
246228
94112
14450
17880
268932
NA
233900
69226
319604
71966
233765
67661
14811
101358
109314
13860
68252
67569
20359
58239
11758
66656
69241
258656
67023
74776
74229
545725
69612
NA
73723
12770
240633
14423
14423
14423
NA
11754
209318
67889
17527
NA
77031
54128
16450
14356
13163
329972
228880
16443
57261
17933
15388
277939
67529
140580
50880
100047009
70495
70495
18120
11905
30937
100044298
71991
16467
17207
117171
11981
11886
75622
76824
12029
353326
76987
68796
72194
NA
NA
NA
16475
26444
270035
16151
17463
13726
14086
20810
67465
239510
140577
75007
76952
14567
229615
17688
17688
30931
215193
217194
18766
74653
76688
67242
55936
51897
14567
71999
75641
234542
227102
14611
216393
53625
NA
22218
231430
NA
NA
66964
68832
96957
17909
94067
234854
18582
114304
56209
98733
212518
192897
27366
171567
227095
100046953
72313
101700
70026
244654
243743
NA
387510
56788
68846
66940
258686
244329
12032
109754
NA
68523
53627
12801
54683
12366
70370
NA
192159
15284
12972
67422
NA
78829
53623
14780
83556
23972
66634
12861
12390
15510
13113
67979
23938
243914
52585
74255
170719
NA
96979
216766
83486
14171
18293
11595
66237
69179
93893
258883
53323
234857
269870
235505
105428
105428
170731
11637
70827
15239
234730
17225
240263
14357
16553
17937
100046457
68055
214150
227446
66521
321003
231464
213603
100764
66892
67976
67898
27060
14009
231863
21838
15586
107970
21945
229681
13628
192156
20672
12151
20927
212139
11595
66493
67198
65111
242408
NA
14391
211253
241230
17827
66317
20429
100048613
233878
19244
68566
NA
19046
68328
108155
12048
227683
14799
14799
77128
NA
59008
68142
76658
50768
74549
224630
66609
12729
NA
271005
271005
NA
28064
NA
56306
110842
101351
212514
NA
19228
68272
14423
67655
66111
219249
56273
97961
14569
225280
13560
108015
19248
240755
16526
71711
240067
83762
17938
17938
74043
231571
225655
116848
76559
56529
14724
21677
NA
12166
77116
228850
234865
18003
100855
78929
27426
17309
320027
NA
231866
18971
57743
14732
56149
NA
233274
67010
14232
NA
NA
100048832
17920
20930
213499
270058
13852
NA
66108
NA
20847
17527
56077
18483
NA
218624
228355
13131
NA
11518
24068
54614
12554
18021
19353
67681
70025
NA
13360
233115
26939
74777
17174
208634
56298
108654
18858
54409
20924
224090
26448
20743
27357
68273
107022
99011
225115
19268
26909
74450
214952
74610
109205
18986
22259
242316
65257
227154
60441
26889
NA
26562
97820
73062
NA
18676
13589
53859
27399
110595
14816
170755
NA
56086
12953
NA
258941
64138
72475
104010
NA
60594
73137
319164
20361
100047480
320916
208194
30057
17308
76650
53607
20129
NA
13046
13046
67832
60510
171429
15439
20844
20844
228880
228366
100047583
27407
327900
108687
20624
208366
70508
67675
280645
66841
70445
20501
66333
66069
67067
12032
19367
NA
229663
16561
20658
20637
13406
14853
67200
19355
16170
99151
225392
69668
15194
215008
14700
214764
NA
66587
66998
270328
98710
18643
229589
56421
67453
244238
13079
NA
72133
216560
67072
66309
73473
67046
104457
223917
26903
66460
66129
21372
110821
20536
NA
56736
107305
228368
227644
67554
12339
70209
258361
100047052
NA
17311
241846
15114
319179
67998
68818
194237
69192
14870
18616
58180
208144
12677
NA
268903
27406
11844
106861
21807
319195
258822
100986
18777
19053
276770
235533
100046883
52530
258691
258490
227753
68002
12908
66192
69821
109052
109052
78523
74137
20018
76867
NA
NA
11966
74769
12593
382056
11609
54393
56258
NA
212632
80906
80906
259165
50935
71452
68682
19025
77945
67994
68375
21683
69900
68436
117591
74159
276919
74781
66985
26894
56736
241075
68938
15547
21762
103220
56452
216157
72416
74167
56515
NA
11835
103534
234267
NA
59013
70719
76408
74053
15530
12774
105014
105014
234699
118446
74467
59126
71777
71777
258841
23825
24070
242418
67198
276770
66388
73847
11486
66734
67011
213391
14673
19182
100046406
94180
71729
54371
243834
246317
18987
70510
19335
53313
110109
110109
232989
232989
270109
NA
13836
230700
78330
NA
59013
103978
77117
70233
97287
17868
217732
56705
230793
103098
13424
108043
67131
27215
14211
71990
67203
258328
NA
NA
69241
213262
170770
258749
258838
258526
245688
245688
104871
67942
12729
23881
230648
NA
NA
246747
11781
263876
67418
76308
NA
69499
66970
66970
224742
236511
245945
26886
70807
13649
258383
99011
320487
192232
NA
75786
17698
68953
241274
29856
103694
103694
NA
13043
73284
72948
320661
14401
NA
68634
17385
142980
240025
75901
70605
110213
229543
18131
12143
114652
70225
27418
103988
13384
20848
53334
NA
52036
23825
12048
70767
103694
232187
67345
68087
67937
66055
100046918
26448
66385
16779
76467
56443
75410
107566
20019
228998
12444
16709
14950
NA
50771
93707
102162
276852
19733
67920
66282
67603
18120
30948
233328
109674
NA
12411
14605
17283
67532
19360
18807
67622
23983
12450
11534
17147
12660
18400
24060
74015
19289
18008
66523
11604
14467
17330
68533
99375
76793
72068
105638
NA
52538
NA
207474
110920
67755
100047353
78255
11800
15258
224907
233280
110147
676420
18458
72002
NA
67634
NA
NA
20280
20280
67163
NA
100045887
170772
20973
219151
59056
20747
101314
16492
NA
22598
24010
83766
69654
64144
109229
18861
381409
74022
396184
270151
56462
19724
68106
14761
NA
55988
71733
26569
NA
58194
110611
NA
320538
17188
74326
NA
54381
67938
67938
12450
100046650
11475
77938
68337
320116
NA
18412
14151
13385
NA
320655
71770
21803
11565
231830
67238
12017
229791
17936
17936
27373
109754
NA
67515
NA
16456
73660
63857
103711
227801
12305
18347
66397
67602
114713
21685
110891
70497
211228
15361
245446
210106
667609
380601
213895
26420
12124
NA
66707
20316
18537
74018
192169
65102
15204
13618
210035
57170
234378
103236
NA
NA
320951
269593
56632
15571
NA
67958
100044566
16768
103978
27041
NA
NA
NA
27374
69305
269587
81500
67967
14164
229524
18541
12922
192157
224897
215494
233890
209446
12725
223690
54343
243385
16870
27374
67345
72144
19201
246696
98660
76080
13429
21807
14913
26426
11515
58187
74600
13648
15254
228836
210710
234736
19046
360013
13527
240263
217335
NA
52468
27993
72440
50497
51813
70495
26404
18194
78394
258913
23857
20218
12590
211739
269397
269397
77065
67676
20318
16512
13046
18028
20818
75221
74203
14182
68957
NA
16009
100048413
545156
74360
67270
12328
69019
75796
15234
230700
17221
15926
19192
57373
100046744
244585
19043
26891
NA
69674
80517
80517
27376
268490
19188
244418
70209
NA
66513
56226
226971
66923
NA
110895
19042
19042
18709
54673
80751
80751
106014
57312
29873
66910
67105
71927
75734
NA
192287
71946
266781
66570
227960
NA
17330
14688
50496
229517
72825
72825
241128
78070
18802
258722
74125
218203
99375
399599
101706
319630
20586
14545
57312
19063
258505
100047490
72082
239217
14827
621824
69072
68267
226098
83704
14065
68867
56469
353047
56535
258814
19654
67724
14588
NA
53602
239739
226090
68009
18634
NA
NA
100041483
212862
212862
212862
16180
106564
12848
18295
19704
56613
116838
54525
76560
224118
110006
23965
75953
11797
NA
13518
320632
23947
14950
232089
NA
258245
234847
12048
NA
67698
66902
67797
69241
215693
72895
66531
15364
17760
109154
71985
NA
67164
NA
20409
15191
20818
19261
77905
71599
107566
107566
140580
100047353
72140
13726
11765
18983
76958
243362
223455
171210
57250
67604
23825
104318
69470
70951
213499
56213
100046393
78308
27967
14787
69106
27225
11977
117198
19679
107435
317717
109050
66375
19336
18563
100047776
258787
11769
52357
21809
20442
20764
NA
53975
20184
272396
102595
217166
NA
71955
76257
105513
17256
140580
NA
NA
70122
24018
109093
216987
68275
18674
NA
NA
NA
208263
73341
83679
93898
260297
53378
18577
NA
67452
12552
56280
75221
243616
268860
258449
209378
99663
101867
244329
24071
21682
74754
67731
NA
20935
NA
14681
20913
19684
19766
70396
76527
74330
225280
70686
240832
97761
55943
NA
NA
66948
66880
56215
71963
13185
NA
66047
18111
NA
NA
54519
66164
75805
110094
NA
52857
56717
100048721
11501
67899
59015
99010
235169
74549
69109
18555
67046
76497
13808
17000
321015
67489
664779
12455
13518
17120
66258
67887
NA
52856
56229
20874
78416
67897
233208
70652
217365
66165
108811
14676
19248
19248
19248
70012
NA
13605
NA
224742
NA
76658
NA
16210
53872
11504
NA
69719
74362
233033
66840
232910
26562
13807
NA
NA
18392
18191
272589
59003
217692
237868
258499
216344
20658
218503
234595
100043822
21418
16534
192196
20947
75835
18975
68149
68401
56612
228608
26987
17105
67586
68499
74277
12747
13831
77521
56233
109333
20437
19334
224742
68743
16773
216505
15931
51793
12287
76044
23871
669660
56013
11736
54325
NA
72345
NA
20384
68897
16192
503847
11643
66990
100044129
232078
12716
23948
21385
56332
67914
NA
18223
NA
78777
69804
223809
NA
14225
NA
20610
100047163
67446
225283
19070
NA
26972
57755
NA
59049
13864
NA
12300
238829
21881
21881
50934
213211
74320
29816
107173
20297
215821
66191
12933
213499
319387
18605
67804
75901
69683
263406
382384
11920
14594
17388
257883
245536
74781
732482
74188
271457
271457
224432
100182
381411
15368
56455
54473
381305
330671
67840
236539
11950
68796
60409
67374
67374
74325
13647
20316
57295
50496
20787
117149
70101
218793
20849
68606
67771
22385
26444
74178
232533
18739
11827
28075
104394
54397
94066
20497
56218
18416
69309
18655
12274
66199
208795
212127
17932
68642
259302
56369
211208
217995
15502
67426
94226
14365
71238
69694
381633
72542
93697
17219
66271
258626
219228
75613
73919
239857
218232
28146
12986
243983
72433
238690
11409
258984
66540
68501
384281
56421
103268
268747
14555
58520
68032
67148
11364
246277
73095
217119
12363
233878
243963
55993
269608
225651
258759
210029
210029
110616
110616
212090
18626
18626
230775
258872
18073
380712
66736
70536
17929
67222
56279
18483
210321
227738
12212
17528
74018
67759
436240
63953
219033
22242
57781
67016
432649
74195
23805
66687
13171
19253
56839
20909
67636
320150
26930
12827
17909
258670
245666
70993
219134
22201
228765
547253
239691
14400
231868
230779
269061
13841
19267
18763
27219
244049
105782
16882
98758
17969
67661
228536
21973
235134
381852
18332
72649
225898
268706
110816
56175
381352
99571
78655
320587
70750
15531
384214
74104
65103
11808
20266
268567
67683
75292
20520
545417
259061
20892
242705
213439
69917
17283
634650
18176
14261
214597
214952
258662
99349
11468
64138
17122
81601
70417
26938
433091
103806
21928
234729
171580
66830
214444
18744
271005
17156
105513
54376
232947
214112
50754
67873
225922
66522
104110
66587
218544
327957
320772
244216
74201
234582
65967
223642
19228
225160
100041294
71765
18053
15251
24067
67832
67602
26910
68066
228876
15239
117146
18648
101214
213350
109093
109093
235086
53626
75785
75785
399675
11867
229900
12317
20526
52830
75974
110332
66684
56447
258998
16426
14567
277396
215999
11690
213056
73532
74610
11444
17123
74626
408068
17391
329541
12033
16551
239659
19360
217866
22224
53880
75480
192185
19157
19387
257931
233080
214150
240753
18641
69938
80733
208760
497071
71844
71517
108073
68720
258650
114889
56771
104174
26390
15278
14104
331374
71472
212647
56088
16518
103236
17232
26912
66904
66011
66912
654426
20360
243197
252912
384701
19946
17768
81003
81003
72536
19108
68375
57376
213417
53893
73327
19899
18022
54216
230936
76123
20930
76522
69101
102693
503558
108148
259147
71910
93875
67014
12748
330662
67695
231803
12896
408067
12943
225923
74032
72446
70061
27267
55963
20463
18203
67609
18537
17002
329274
52846
445007
77056
108903
54351
218629
381287
20104
12057
230696
80743
15369
270004
54650
69024
19718
106039
228875
223827
72361
14043
57434
228961
20219
69890
12006
27403
66997
245688
387514
72306
666244
50778
257959
216188
226352
211652
14768
224648
107045
26900
53313
225443
214944
17904
217718
216395
235431
210673
20947
192166
75212
93878
18596
237010
109754
66357
433923
228094
232333
17079
17684
66513
71406
54167
68591
27275
74198
103724
381801
14369
103765
69660
14678
100034363
240899
50766
12163
214987
76645
56461
215201
65113
105000
59287
404545
56786
67752
76261
70247
72947
20115
22142
268417
18709
28080
11792
15481
18669
72349
67388
380705
77446
56430
12340
434935
11778
74204
225518
66085
216164
108735
19299
257933
381677
258423
56190
209517
53378
258392
223722
22321
258517
21846
56210
66290
22589
22722
233789
224045
20624
497652
434864
16004
16004
194854
268379
18436
52469
227157
18712
74998
52040
276742
70601
654467
19704
277468
19384
28000
24113
217030
212377
20443
28135
63958
68193
20397
74206
17217
66824
67095
12279
382034
52705
20391
78929
83675
66437
433886
57265
17105
320253
68052
67371
14376
216963
68799
668173
382038
19165
74144
224170
20855
208146
246293
104771
12070
654472
97884
15185
232879
72865
57317
224824
50928
67877
21933
207474
327951
75605
68776
19336
258925
76688
52609
59032
13601
20102
14618
78455
320024
381045
232337
80911
14069
433586
170728
12808
109077
231863
66158
226517
11776
67655
245638
27060
13511
234664
56433
84004
213391
68298
68592
22335
20416
11566
52710
101197
56274
101314
432467
108645
16331
22210
19862
68090
21968
98415
54723
140500
74498
26442
12466
228846
212163
19334
13172
329015
20615
276919
224897
76184
17428
16560
56213
57170
109700
66867
66131
20534
66894
56031
77733
66272
13048
66928
217716
381668
11545
21915
23897
52118
72621
72621
56868
27425
229782
219148
226519
77352
97287
84585
64144
330820
68197
21952
106947
229473
20133
11923
99237
330474
333789
18041
67976
216011
332427
16613
93891
436440
109241
353236
17389
66289
246707
67210
259020
56459
19076
18173
332713
84094
11767
67109
231600
631002
214158
319757
232791
77609
271127
20807
14056
228866
56629
11797
66475
233905
71721
18294
19339
17930
327826
71449
258926
382985
258101
213469
24075
237781
210992
414801
54367
225888
624219
433180
67466
258867
20355
224020
353237
19942
28084
57272
207227
20689
105675
64296
50771
59035
15191
18307
16549
58231
53605
12729
243385
27053
225215
15442
22003
54364
99890
266690
239559
22051
239554
210940
434858
75553
228980
72503
432516
64009
13052
18163
56208
14105
545554
229937
56417
212276
18029
100929
329152
52840
107747
104859
72930
211712
67713
104318
67876
71371
14977
53901
381629
17762
19069
665270
109054
80909
75770
170676
114863
382236
11988
13209
15077
23928
104001
52023
14269
68263
432508
12228
384569
109552
69780
241769
229603
20917
78294
245308
12298
207615
27416
210573
114301
17537
360220
67171
18707
12512
13819
226041
56191
215090
435804
228368
382051
381259
20692
20617
140742
56298
546024
57279
11542
74205
18212
20821
26897
218194
66586
77805
229521
74438
55943
208967
83679
381580
69568
69546
12069
16572
14000
329575
11861
70887
56220
17187
58810
504193
229320
14661
14761
15410
67809
12662
545384
217869
16656
74841
72640
104681
114641
380969
11553
23969
215494
51788
30853
20216
219249
195727
329506
55983
22375
211255
320309
245522
229007
50785
18582
18762
381290
17196
27215
219022
117198
553127
75553
72503
26385
83602
14050
213575
18163
14105
236690
209239
73389
381629
18693
53627
268281
11308
22404
216850
100929
71458
109689
72567
57080
13821
15382
72124
75782
21853
17433
544752
12660
12234
209692
66673
21665
104318
108909
106522
20928
381979
67876
66570
228836
639910
12757
20908
23950
384061
19347
14055
17826
19305
17760
16561
71452
213988
75788
18810
12190
218865
52897
208606
17259
56516
70686
56205
76987
11941
27366
50876
12505
52023
56361
67269
240396
69562
384569
109552
234730
69780
19025
211914
77938
26931
243529
56321
14800
56454
21761
78926
207615
16511
13612
228361
192216
227485
19727
210573
216739
81702
74053
13728
18986
68964
107701
66861
72046
18707
56191
76958
13549
114863
18088
227292
94187
70834
19417
217310
27057
83561
66090
72022
384813
228801
17169
26903
140579
11745
101471
20617
76080
26431
99412
69710
11569
227800
20399
56422
94230
69983
68585
15512
107746
207596
74438
72795
55943
69568
54218
11771
20166
223626
11539
104923
15078
13204
72068
11640
381314
234776
18613
58810
232078
110147
71770
107508
18550
20779
20384
12499
381356
14661
14761
75458
15410
27410
67131
50932
18103
320360
329934
12144
12662
218975
18400
380969
22718
16784
12297
233865
54161
68195
243272
18094
74570
329506
16439
74762
69834
19041
245297
68938
78390
80290
22375
77031
56079
245522
57437
79456
109676
50785
68767
230866
18582
19369
97387
208643
17318
16876
433292
449521
195046
258156
434065
22594
258135
258196
54197
382643
100756
629873
257938
65254
11870
18130
246179
58245
56489
64602
68475
244923
234663
17524
257980
259151
257891
83669
268934
68255
67669
258020
258023
70611
20447
97863
53421
27428
16536
594844
214403
57890
67059
12175
224647
14809
56297
114874
17245
100046959
102103
11907
18408
76510
380629
52915
258502
242773
235281
