28199
69077
109815
20742
209462
244058
69367
546015
229715
67455
11852
100047634
14571
76157
29864
56873
66997
67117
69487
20523
214498
69882
217588
73046
12296
70178
54561
100042777
67412
13204
78929
66477
93739
104303
171567
22627
26370
107528
19014
229503
252875
73998
327900
66286
18786
12725
100047167
216551
192167
229096
100046746
68839
50773
56724
67238
53612
70375
20592
98828
66407
226823
67171
50850
65246
22782
NA
213541
223593
19345
26895
11797
74600
108853
270097
22245
NA
15568
68194
79555
227399
236794
12321
269643
12580
56706
70356
233071
70396
72930
NA
212307
101148
11737
78751
16211
53869
231086
19139
18415
66586
19765
66092
320351
105372
107939
76884
13680
67870
12468
268996
56298
22791
382620
28185
11308
77877
56449
110639
71703
14432
52036
57321
108116
19714
223499
244962
68815
20595
22258
110842
68095
14792
100044087
13602
14897
76863
67610
94221
66464
66925
69573
20422
16561
54683
70082
69259
380773
22099
66433
56207
56468
68953
70351
54198
12632
66413
98766
27407
67072
22327
18537
18457
83435
83409
218441
NA
66711
207615
64658
319996
74521
66609
70097
18693
13040
53872
16648
69802
20616
20363
76273
12192
214063
68729
56531
20674
20844
234463
17153
12043
100046781
18041
269831
230249
27393
72065
56690
70078
16155
66314
225745
16646
70887
12166
27377
67452
56486
56434
66660
19662
21929
68770
208968
67958
69082
20016
26919
72201
17330
56228
NA
20163
19027
97112
66899
72320
68098
66073
11964
NA
67456
103199
77781
83962
75416
215280
68059
68152
104776
232087
67869
229096
14924
67667
70093
68183
228983
71986
18458
14958
269423
66960
12469
16493
67210
319211
18645
71955
18582
22129
22666
223773
22330
103733
22019
244713
100046855
244579
100047963
22224
67128
66105
80890
22088
67128
30928
NA
218100
NA
NA
192216
22719
22209
22339
30960
71853
72739
100044170
59026
56433
22185
29869
100048480
30926
56041
56496
14897
106869
93765
94093
22346
NA
668837
192170
12864
20515
225896
66989
277333
52440
12457
20182
67019
NA
67151
19211
14007
67557
99650
269951
654824
100039532
13202
106583
15228
100087
68836
21780
67956
13006
67126
66218
56440
NA
11658
56438
93885
19262
66244
14629
58243
28088
100047009
57321
17919
27061
108155
20466
70984
15384
17925
NA
72020
NA
67035
66885
109082
67515
228410
11864
66046
110052
110052
23837
246317
66410
66904
75747
53328
102334
15500
18196
53610
17149
67245
67249
80515
18114
237107
74034
67028
69091
20365
67089
18213
11946
83964
104725
18163
319845
20203
74255
67544
56726
68198
66999
215751
27050
50850
66421
28019
73078
NA
54338
17993
245684
27053
56710
14208
56295
66926
68514
78248
245867
11502
213827
230700
66867
241175
17089
67288
19325
16579
100048858
108143
12508
20335
93887
11477
242819
52323
12395
74030
17993
NA
66448
57439
109075
66923
56307
210148
16907
100047794
100048530
58521
22343
16980
76959
76884
17912
NA
NA
66142
55978
70373
67198
56351
81702
11834
100048622
264134
15904
68028
72947
22785
67710
68724
66797
59048
104570
13030
27681
100041400
77113
27357
75991
230259
268448
76804
100561
66087
27373
71750
72552
68202
320541
19386
66359
103468
17975
53380
20813
71177
NA
12387
192174
100683
170719
18578
NA
14894
67865
77781
16451
232679
66661
78771
208650
66531
13382
66674
18212
67099
21872
19279
269254
71890
67815
26374
12465
227059
69957
269113
13205
12978
NA
57438
69574
15510
75812
54326
26395
20842
224045
67390
67391
79264
13642
70231
105638
NA
226747
NA
226856
56445
20349
13518
15161
97820
68177
75725
19244
103537
70380
67241
99730
75458
106298
NA
67474
14026
21402
229759
66050
13669
211660
100046796
67980
53621
23994
67030
56839
79464
98376
14791
67963
66270
70285
75627
381813
215085
68735
67440
53618
56698
17281
52653
234593
66365
69639
71702
73024
268783
110052
100044779
218763
229487
69185
56330
68832
71263
66384
15374
76561
66822
226118
107976
71919
52690
102866
13626
NA
17859
68252
15452
72692
67680
21422
53379
104662
227615
15452
77044
230484
16432
19248
56382
228359
72615
68092
72157
99138
229589
14870
56207
547339
66631
56176
353187
27756
110842
56431
68059
56698
19241
50755
56494
546166
68153
74776
19893
65098
77035
59027
109161
13841
241568
108888
15212
27362
72649
69259
71177
18747
641340
70839
17346
17294
74838
74117
241638
77038
216742
64450
77116
21945
70248
66618
19645
12226
214345
56736
216565
18777
55949
66225
67581
26926
26451
20955
70231
226418
17449
76893
17993
14545
50926
73736
104570
234267
212307
236792
13618
67072
214791
319211
66966
106205
67490
18139
66840
59029
319154
278240
67830
56363
237052
244310
67877
72948
24061
67938
17125
17938
234664
67760
94213
192169
15528
67143
192196
74168
67345
100434
56324
60599
66136
71955
23873
67889
68219
107368
68537
24015
23986
268534
57321
70186
12807
12387
74238
14745
68734
68734
64050
56445
71679
212508
74533
71883
22166
209224
544752
12345
72023
56208
18769
22770
170755
68263
432508
667250
18607
67171
237542
13619
329575
20755
107047
224938
22215
13063
433702
100041703
