70717
NA
55927
14702
12064
73122
17260
233876
225742
12398
15937
19259
19293
268935
17268
170758
11418
226777
107589
70357
23985
108927
22249
20230
19016
53857
18738
108058
66467
74451
272031
17433
100046129
100637
12564
72722
231821
20370
12453
228775
73737
20262
66333
56715
NA
12854
228662
227693
77976
11516
21804
100048589
71310
106042
15902
71780
80976
208171
15490
214791
100494
21885
100045439
12919
20183
12891
252904
170952
66383
72590
194309
20964
19085
230868
110075
50779
99326
11686
22153
NA
18641
387524
76897
24012
NA
51800
93737
24057
71885
76936
100044468
104418
77590
NA
53376
56177
54003
14251
16939
74100
99738
11551
56807
57342
114674
209357
14167
242620
235604
14805
66637
227325
19736
228357
20678
20910
68235
100046690
11784
243274
245038
11438
319504
76453
58226
195733
246710
20517
68067
12362
15205
19415
NA
320007
66993
217827
240332
20350
233913
12504
11512
241656
56527
58998
241118
58188
20404
18232
16363
231290
76630
77045
76982
225998
12404
12424
14704
15476
240843
20257
243931
78894
16905
18227
56878
211232
11418
16905
54610
225207
11639
236920
11989
27062
57912
52666
NA
105349
73419
215627
67057
26950
106369
16875
NA
22409
22388
63872
NA
22317
22004
22151
NA
21417
NA
22388
NA
107586
19266
21924
71687
74237
22417
56496
NA
232400
73710
269336
19340
338365
330790
320405
13992
60596
69159
66532
212712
14396
100046232
71897
16905
50934
NA
13839
NA
NA
98496
66310
59009
230088
15569
66079
18164
244886
70025
11514
100046044
228858
242481
21770
NA
195646
244954
59095
20678
17896
NA
70350
229707
NA
68420
66447
76829
237397
66637
110379
69065
12702
72961
320265
227659
NA
NA
67900
117599
83397
65079
76108
208213
16528
56526
50722
15478
12337
20977
20678
70025
NA
13164
72475
12589
207181
20350
72175
67254
12050
21413
108013
100047870
18216
228942
18476
70717
14176
271711
68947
101437
67874
171281
80883
67389
70638
52829
16476
78004
217038
77794
72056
68027
66940
66940
NA
58227
19049
52589
20972
16885
100040592
16499
12351
58202
12671
56458
12647
56876
66151
20972
226896
14073
216019
52389
73010
56506
19934
NA
26397
18231
14573
244723
16905
242083
231238
81703
15550
74257
80889
245049
233744
11636
16527
225642
225288
226830
100045343
93835
100046068
71648
270028
246154
108123
353172
12653
18597
106957
50754
12847
75646
229949
378937
NA
93840
16012
18423
12426
22784
21804
76117
225631
117148
76740
60406
117150
170758
66975
242083
68404
226419
19346
224344
20907
243407
234776
98303
320472
216831
NA
217154
234267
16159
13591
104263
12326
140579
11922
75146
210417
52822
13038
14025
270198
16519
12721
14778
11733
12652
12447
19094
18573
26556
NA
75668
216613
57170
12652
19060
246257
15203
16392
237422
20605
330222
72727
320343
20215
270135
263764
23849
14042
239650
17260
238377
108100
15572
229706
12589
232023
170571
214572
14165
20775
233040
100046518
11459
320208
20451
68149
NA
29812
243339
13446
18032
59058
11837
56506
14168
50781
14544
12721
56534
NA
70435
13857
676420
18189
NA
213006
12293
15552
50722
67419
74486
114128
18573
NA
64706
231842
270086
13599
13640
12400
235493
76484
19171
403178
74134
228852
22644
76117
19099
223726
18195
20964
216456
20170
NA
70572
12325
56758
243764
14073
16909
18610
66855
17681
14200
99738
231225
NA
109205
56846
320460
12385
268935
17957
320472
75805
56350
12721
78816
21814
22422
55927
66175
54120
97159
243634
56737
68184
81907
18647
26879
56747
70025
75288
114674
72978
12652
74257
74020
237403
432939
15356
54354
19346
12647
228730
80883
13837
11438
231712
68631
66637
319655
109979
74782
74202
12400
67437
237553
216456
77629
272031
218038
27883
109711
69554
71971
76982
11784
234915
17536
102141
50781
20744
106672
228859
20420
54128
432530
18013
52468
22762
54003
210622
20226
58202
78593
17901
19272
16796
210044
17965
107769
15902
14077
17260
22417
18197
76459
433256
330050
12405
545758
70551
94185
243967
244723
14219
239405
232910
241289
64933
63872
105246
19171
104418
104418
108123
72925
13528
21375
140919
207521
27280
243382
268860
68203
399558
77627
77976
170571
68895
54713
21393
30953
380711
22353
432442
320563
52163
93692
78088
210417
14570
12854
226830
329641
244867
52822
52822
103551
99887
22629
26379
381269
231871
268480
14165
17069
19707
65112
74868
269397
70274
23912
56526
231605
13426
320405
236920
110355
64050
227835
223697
53817
58802
15572
56205
104263
30928
14406
108058
116837
58998
72657
71137
56177
17132
58802
15572
19266
110532
12064
16826
68166
20491
108058
15569
16905
30928
17776
83671
56876
107586
55992
72393
50790
93742
20692
237422
74007
114142
56527
432478
208898
14702
269610
18573
504193
20192
56349
104681
232201
26414
55983
192976
14687
211651
20713
19337
18994
69150
72780
235402
231293
353156
