12361
59093
54418
233919
NA
69035
93765
22241
11907
100047323
11772
16594
319517
19281
54616
100044257
217342
14571
20660
231148
19049
210146
15356
NA
69035
83921
22031
18708
NA
22241
108075
19894
12322
56018
215690
27224
109168
74157
109934
52850
19091
100045359
11899
76898
109676
NA
NA
13433
209815
17755
NA
15312
68349
NA
67619
NA
68964
68268
226976
232370
19273
76898
16796
215690
20874
58523
26398
110351
16594
14788
223666
13004
53310
54616
11775
19280
18190
109593
76787
18708
80906
236899
20239
109593
22031
76787
13134
237716
